function Results = s_USVanalyze(wave,excel,zoomTimes)
%% Generate figure for USV analysis (uses already-classified USVs from spreadsheet)
%
% INPUTS
% wave = .wav file with USVs
% excel = spreadsheet containing USV statistics and classifications
% zoomTimes = windows to zoom into for different figures, separated by semicolons (ex. [1.2 2.5 ; 6.7 8.7 ; 10.4 25.3])
%
% OUTPUTS frequency of each class of USV in both count and percentage

%%% DEBUGGING
%%% wave = 'F:\USV\T0000694.wav';
%%% excel = 'usvStats.xlsx';
%%% zoomTimes = [140.6 142.5; 144.92 146.3];
%%% Results = s_USVanalyze('E:\My Documents\MATLAB\T0000591-3-P7 3.wav','E:\My Documents\MATLAB\T0000591-3-P7 3.xlsx',[58 62.5; 144.92 146.3]);

%%% for file locations on home computer
%%% Results = s_USVanalyze('C:\Users\Shenfeng Qiu\Documents\MATLAB\T0000591-3-P7 3.wav','C:\Users\Shenfeng Qiu\Documents\MATLAB\T0000591-3-P7 3.xlsx',[58 62.5; 144.92 146.3]);

%   autoArrageFigures(0, 0, 2)

%%

cmap = [1,1,1;0.999938726425171,0.999938726425171,0.999938726425171;0.999877452850342,0.999877452850342,0.999877452850342;0.999816179275513,0.999816179275513,0.999816179275513;0.999754905700684,0.999754905700684,0.999754905700684;0.999693632125855,0.999693632125855,0.999693632125855;0.999632358551025,0.999632358551025,0.999632358551025;0.999571084976196,0.999571084976196,0.999571084976196;0.999509811401367,0.999509811401367,0.999509811401367;0.999448537826538,0.999448537826538,0.999448537826538;0.999387264251709,0.999387264251709,0.999387264251709;0.999325990676880,0.999325990676880,0.999325990676880;0.999264717102051,0.999264717102051,0.999264717102051;0.999203443527222,0.999203443527222,0.999203443527222;0.999142169952393,0.999142169952393,0.999142169952393;0.999080896377564,0.999080896377564,0.999080896377564;0.999019622802734,0.999019622802734,0.999019622802734;0.998958349227905,0.998958349227905,0.998958349227905;0.998897075653076,0.998897075653076,0.998897075653076;0.998835802078247,0.998835802078247,0.998835802078247;0.998774528503418,0.998774528503418,0.998774528503418;0.998713254928589,0.998713254928589,0.998713254928589;0.998651981353760,0.998651981353760,0.998651981353760;0.998590707778931,0.998590707778931,0.998590707778931;0.998529434204102,0.998529434204102,0.998529434204102;0.998468160629273,0.998468160629273,0.998468160629273;0.998406887054443,0.998406887054443,0.998406887054443;0.998345613479614,0.998345613479614,0.998345613479614;0.998284339904785,0.998284339904785,0.998284339904785;0.998223066329956,0.998223066329956,0.998223066329956;0.998161792755127,0.998161792755127,0.998161792755127;0.998100519180298,0.998100519180298,0.998100519180298;0.998039245605469,0.998039245605469,0.998039245605469;0.997977912425995,0.997977912425995,0.997977912425995;0.997916638851166,0.997916638851166,0.997916638851166;0.997855365276337,0.997855365276337,0.997855365276337;0.997794091701508,0.997794091701508,0.997794091701508;0.997732818126679,0.997732818126679,0.997732818126679;0.997671544551849,0.997671544551849,0.997671544551849;0.997610270977020,0.997610270977020,0.997610270977020;0.997548997402191,0.997548997402191,0.997548997402191;0.997487723827362,0.997487723827362,0.997487723827362;0.997426450252533,0.997426450252533,0.997426450252533;0.997365176677704,0.997365176677704,0.997365176677704;0.997303903102875,0.997303903102875,0.997303903102875;0.997242629528046,0.997242629528046,0.997242629528046;0.997181355953217,0.997181355953217,0.997181355953217;0.997120082378388,0.997120082378388,0.997120082378388;0.997058808803558,0.997058808803558,0.997058808803558;0.996997535228729,0.996997535228729,0.996997535228729;0.996936261653900,0.996936261653900,0.996936261653900;0.996874988079071,0.996874988079071,0.996874988079071;0.996813714504242,0.996813714504242,0.996813714504242;0.996752440929413,0.996752440929413,0.996752440929413;0.996691167354584,0.996691167354584,0.996691167354584;0.996629893779755,0.996629893779755,0.996629893779755;0.996568620204926,0.996568620204926,0.996568620204926;0.996507346630096,0.996507346630096,0.996507346630096;0.996446073055267,0.996446073055267,0.996446073055267;0.996384799480438,0.996384799480438,0.996384799480438;0.996323525905609,0.996323525905609,0.996323525905609;0.996262252330780,0.996262252330780,0.996262252330780;0.996200978755951,0.996200978755951,0.996200978755951;0.996139705181122,0.996139705181122,0.996139705181122;0.996078431606293,0.996078431606293,0.996078431606293;0.988572955131531,0.988572955131531,0.988572955131531;0.981067419052124,0.981067419052124,0.981067419052124;0.973561942577362,0.973561942577362,0.973561942577362;0.966056466102600,0.966056466102600,0.966056466102600;0.958550930023193,0.958550930023193,0.958550930023193;0.951045453548431,0.951045453548431,0.951045453548431;0.943539977073669,0.943539977073669,0.943539977073669;0.936034440994263,0.936034440994263,0.936034440994263;0.928528964519501,0.928528964519501,0.928528964519501;0.921023488044739,0.921023488044739,0.921023488044739;0.913517951965332,0.913517951965332,0.913517951965332;0.906012475490570,0.906012475490570,0.906012475490570;0.898506999015808,0.898506999015808,0.898506999015808;0.891001462936401,0.891001462936401,0.891001462936401;0.883495986461639,0.883495986461639,0.883495986461639;0.875990509986877,0.875990509986877,0.875990509986877;0.868484973907471,0.868484973907471,0.868484973907471;0.860979497432709,0.860979497432709,0.860979497432709;0.853474020957947,0.853474020957947,0.853474020957947;0.845968484878540,0.845968484878540,0.845968484878540;0.838463008403778,0.838463008403778,0.838463008403778;0.830957531929016,0.830957531929016,0.830957531929016;0.823451995849609,0.823451995849609,0.823451995849609;0.815946519374847,0.815946519374847,0.815946519374847;0.808441042900085,0.808441042900085,0.808441042900085;0.800935506820679,0.800935506820679,0.800935506820679;0.793430030345917,0.793430030345917,0.793430030345917;0.785924553871155,0.785924553871155,0.785924553871155;0.778419017791748,0.778419017791748,0.778419017791748;0.770913541316986,0.770913541316986,0.770913541316986;0.763408064842224,0.763408064842224,0.763408064842224;0.755902528762817,0.755902528762817,0.755902528762817;0.748397052288055,0.748397052288055,0.748397052288055;0.740891575813294,0.740891575813294,0.740891575813294;0.733386039733887,0.733386039733887,0.733386039733887;0.725880563259125,0.725880563259125,0.725880563259125;0.718375086784363,0.718375086784363,0.718375086784363;0.710869550704956,0.710869550704956,0.710869550704956;0.703364074230194,0.703364074230194,0.703364074230194;0.695858597755432,0.695858597755432,0.695858597755432;0.688353061676025,0.688353061676025,0.688353061676025;0.680847585201263,0.680847585201263,0.680847585201263;0.673342108726502,0.673342108726502,0.673342108726502;0.665836572647095,0.665836572647095,0.665836572647095;0.658331096172333,0.658331096172333,0.658331096172333;0.650825619697571,0.650825619697571,0.650825619697571;0.643320083618164,0.643320083618164,0.643320083618164;0.635814607143402,0.635814607143402,0.635814607143402;0.628309130668640,0.628309130668640,0.628309130668640;0.620803594589233,0.620803594589233,0.620803594589233;0.613298118114471,0.613298118114471,0.613298118114471;0.605792641639710,0.605792641639710,0.605792641639710;0.598287105560303,0.598287105560303,0.598287105560303;0.590781629085541,0.590781629085541,0.590781629085541;0.583276152610779,0.583276152610779,0.583276152610779;0.575770616531372,0.575770616531372,0.575770616531372;0.568265140056610,0.568265140056610,0.568265140056610;0.560759663581848,0.560759663581848,0.560759663581848;0.553254127502441,0.553254127502441,0.553254127502441;0.545748651027679,0.545748651027679,0.545748651027679;0.538243174552918,0.538243174552918,0.538243174552918;0.530737638473511,0.530737638473511,0.530737638473511;0.523232161998749,0.523232161998749,0.523232161998749;0.515726685523987,0.515726685523987,0.515726685523987;0.508221149444580,0.508221149444580,0.508221149444580;0.500715672969818,0.500715672969818,